coordinates <- c('EPSG:4230',	
                 'EPSG:4326',	
                 'EPSG:4258',	
                 'EPSG:32627',
                 'EPSG:32628',
                 'EPSG:32629',
                 'EPSG:32630',
                 'EPSG:32631',
                 'EPSG:25829',
                 'EPSG:25830',
                 'EPSG:25831',
                 'EPSG:23029',
                 'EPSG:23030',
                 'EPSG:23031')
